0.0080266
0.015786
0.018389
0.015731
0.010901
0.003158
0.0088322
0.018405
0.0082464
0.018359
0.0030747
0.0070634
0.011303
0.017204
0.017307
0.0073475
0.0084351
0.0020573
0.012004
0.0057797
0.011234
0.016067
0.0055142
0.0097623
0.016369
0.014516
0.0020448
0.0029084
0.016321
0.010737
0.0018465
0.0090822
0.00085769
9.8231e-06
0.0067648
0.0043948
0.014208
0.0090927
0.009083
0.00089715
0.014456
0.010612
0.016523
0.0074179
0.0031624
0.0030718
0.012631
0.013576
0.0082017
0.017123
0.017818
0.018348
0.013358
0.011383
0.005888
0.003794
0.0078195
0.00013465
0.015044
0.0036693
0.018436
0.012641
0.010985
0.0055023
0.0090739
0.0078915
0.015994
0.013085
0.0088514
0.015349
0.0053212
0.010445
0.010069
0.017875
0.011399
0.01047
0.012317
0.0083642
0.0024793
0.0087552
0.010739
0.0066417
0.011686
0.013447
0.015009
0.011214
0.00090761
0.0029014
0.017042
0.0057335
0.010356
0.0078692
0.014502
0.012698
0.017418
0.012834
0.0040723
0.0049679
0.0087951
0.012714
